! n m alpha
50 10 0.3
68.000000	69.000000	1.000000	19.000000	10.000000	76.000000	50.000000	39.000000	77.000000	30.000000	20.400000	20.700000	0.300000	5.700000	3.000000	22.800000	15.000000	11.700000	23.100000	9.000000
40.000000	96.000000	37.000000	65.000000	76.000000	40.000000	87.000000	11.000000	30.000000	71.000000	12.000000	28.800000	11.100000	19.500000	22.800000	12.000000	26.100000	3.300000	9.000000	21.300000
43.000000	54.000000	91.000000	35.000000	75.000000	96.000000	77.000000	96.000000	88.000000	57.000000	12.900000	16.200000	27.300000	10.500000	22.500000	28.800000	23.100000	28.800000	26.400000	17.100000
72.000000	37.000000	59.000000	89.000000	29.000000	54.000000	88.000000	74.000000	21.000000	83.000000	21.600000	11.100000	17.700000	26.700000	8.700000	16.200000	26.400000	22.200000	6.300000	24.900000
87.000000	35.000000	2.000000	41.000000	10.000000	91.000000	80.000000	22.000000	29.000000	34.000000	26.100000	10.500000	0.600000	12.300000	3.000000	27.300000	24.000000	6.600000	8.700000	10.200000
59.000000	19.000000	44.000000	15.000000	86.000000	90.000000	75.000000	22.000000	12.000000	31.000000	17.700000	5.700000	13.200000	4.500000	25.800000	27.000000	22.500000	6.600000	3.600000	9.300000
67.000000	10.000000	29.000000	99.000000	62.000000	41.000000	41.000000	50.000000	2.000000	11.000000	20.100000	3.000000	8.700000	29.700000	18.600000	12.300000	12.300000	15.000000	0.600000	3.300000
89.000000	88.000000	37.000000	19.000000	26.000000	72.000000	84.000000	6.000000	95.000000	50.000000	26.700000	26.400000	11.100000	5.700000	7.800000	21.600000	25.200000	1.800000	28.500000	15.000000
84.000000	61.000000	30.000000	74.000000	1.000000	37.000000	24.000000	95.000000	24.000000	22.000000	25.200000	18.300000	9.000000	22.200000	0.300000	11.100000	7.200000	28.500000	7.200000	6.600000
43.000000	95.000000	20.000000	63.000000	62.000000	38.000000	27.000000	83.000000	20.000000	7.000000	12.900000	28.500000	6.000000	18.900000	18.600000	11.400000	8.100000	24.900000	6.000000	2.100000
92.000000	18.000000	19.000000	92.000000	89.000000	64.000000	52.000000	70.000000	66.000000	82.000000	27.600000	5.400000	5.700000	27.600000	26.700000	19.200000	15.600000	21.000000	19.800000	24.600000
90.000000	49.000000	79.000000	29.000000	2.000000	98.000000	73.000000	1.000000	82.000000	34.000000	27.000000	14.700000	23.700000	8.700000	0.600000	29.400000	21.900000	0.300000	24.600000	10.200000
23.000000	69.000000	41.000000	47.000000	62.000000	36.000000	75.000000	8.000000	45.000000	5.000000	6.900000	20.700000	12.300000	14.100000	18.600000	10.800000	22.500000	2.400000	13.500000	1.500000
20.000000	86.000000	79.000000	80.000000	96.000000	20.000000	23.000000	94.000000	4.000000	62.000000	6.000000	25.800000	23.700000	24.000000	28.800000	6.000000	6.900000	28.200000	1.200000	18.600000
97.000000	28.000000	49.000000	7.000000	99.000000	3.000000	52.000000	65.000000	22.000000	3.000000	29.100000	8.400000	14.700000	2.100000	29.700000	0.900000	15.600000	19.500000	6.600000	0.900000
57.000000	6.000000	21.000000	43.000000	91.000000	41.000000	97.000000	70.000000	81.000000	68.000000	17.100000	1.800000	6.300000	12.900000	27.300000	12.300000	29.100000	21.000000	24.300000	20.400000
33.000000	40.000000	97.000000	89.000000	85.000000	93.000000	40.000000	61.000000	56.000000	35.000000	9.900000	12.000000	29.100000	26.700000	25.500000	27.900000	12.000000	18.300000	16.800000	10.500000
7.000000	88.000000	86.000000	9.000000	42.000000	44.000000	50.000000	80.000000	85.000000	79.000000	2.100000	26.400000	25.800000	2.700000	12.600000	13.200000	15.000000	24.000000	25.500000	23.700000
69.000000	94.000000	15.000000	99.000000	7.000000	3.000000	95.000000	82.000000	3.000000	10.000000	20.700000	28.200000	4.500000	29.700000	2.100000	0.900000	28.500000	24.600000	0.900000	3.000000
56.000000	78.000000	57.000000	38.000000	4.000000	19.000000	34.000000	23.000000	82.000000	60.000000	16.800000	23.400000	17.100000	11.400000	1.200000	5.700000	10.200000	6.900000	24.600000	18.000000
16.000000	43.000000	76.000000	76.000000	23.000000	66.000000	2.000000	51.000000	94.000000	67.000000	4.800000	12.900000	22.800000	22.800000	6.900000	19.800000	0.600000	15.300000	28.200000	20.100000
41.000000	31.000000	14.000000	52.000000	74.000000	55.000000	76.000000	92.000000	72.000000	10.000000	12.300000	9.300000	4.200000	15.600000	22.200000	16.500000	22.800000	27.600000	21.600000	3.000000
7.000000	54.000000	57.000000	48.000000	83.000000	66.000000	26.000000	25.000000	96.000000	87.000000	2.100000	16.200000	17.100000	14.400000	24.900000	19.800000	7.800000	7.500000	28.800000	26.100000
74.000000	80.000000	80.000000	55.000000	41.000000	68.000000	48.000000	23.000000	55.000000	25.000000	22.200000	24.000000	24.000000	16.500000	12.300000	20.400000	14.400000	6.900000	16.500000	7.500000
54.000000	11.000000	93.000000	17.000000	63.000000	1.000000	16.000000	40.000000	3.000000	24.000000	16.200000	3.300000	27.900000	5.100000	18.900000	0.300000	4.800000	12.000000	0.900000	7.200000
67.000000	27.000000	31.000000	63.000000	99.000000	5.000000	20.000000	69.000000	63.000000	4.000000	20.100000	8.100000	9.300000	18.900000	29.700000	1.500000	6.000000	20.700000	18.900000	1.200000
15.000000	3.000000	66.000000	92.000000	55.000000	59.000000	86.000000	42.000000	65.000000	36.000000	4.500000	0.900000	19.800000	27.600000	16.500000	17.700000	25.800000	12.600000	19.500000	10.800000
85.000000	32.000000	30.000000	77.000000	37.000000	64.000000	62.000000	13.000000	20.000000	44.000000	25.500000	9.600000	9.000000	23.100000	11.100000	19.200000	18.600000	3.900000	6.000000	13.200000
83.000000	2.000000	82.000000	31.000000	23.000000	1.000000	54.000000	17.000000	4.000000	22.000000	24.900000	0.600000	24.600000	9.300000	6.900000	0.300000	16.200000	5.100000	1.200000	6.600000
42.000000	49.000000	11.000000	44.000000	1.000000	5.000000	50.000000	27.000000	95.000000	8.000000	12.600000	14.700000	3.300000	13.200000	0.300000	1.500000	15.000000	8.100000	28.500000	2.400000
29.000000	27.000000	71.000000	76.000000	84.000000	11.000000	26.000000	74.000000	20.000000	49.000000	8.700000	8.100000	21.300000	22.800000	25.200000	3.300000	7.800000	22.200000	6.000000	14.700000
64.000000	81.000000	94.000000	18.000000	46.000000	46.000000	4.000000	7.000000	57.000000	97.000000	19.200000	24.300000	28.200000	5.400000	13.800000	13.800000	1.200000	2.100000	17.100000	29.100000
3.000000	18.000000	35.000000	7.000000	31.000000	10.000000	4.000000	25.000000	38.000000	8.000000	0.900000	5.400000	10.500000	2.100000	9.300000	3.000000	1.200000	7.500000	11.400000	2.400000
9.000000	83.000000	71.000000	40.000000	93.000000	56.000000	59.000000	73.000000	46.000000	9.000000	2.700000	24.900000	21.300000	12.000000	27.900000	16.800000	17.700000	21.900000	13.800000	2.700000
35.000000	84.000000	76.000000	47.000000	79.000000	25.000000	24.000000	81.000000	76.000000	18.000000	10.500000	25.200000	22.800000	14.100000	23.700000	7.500000	7.200000	24.300000	22.800000	5.400000
24.000000	49.000000	76.000000	73.000000	32.000000	95.000000	14.000000	84.000000	10.000000	34.000000	7.200000	14.700000	22.800000	21.900000	9.600000	28.500000	4.200000	25.200000	3.000000	10.200000
72.000000	64.000000	26.000000	41.000000	71.000000	12.000000	49.000000	40.000000	79.000000	54.000000	21.600000	19.200000	7.800000	12.300000	21.300000	3.600000	14.700000	12.000000	23.700000	16.200000
70.000000	20.000000	31.000000	70.000000	60.000000	48.000000	35.000000	28.000000	7.000000	42.000000	21.000000	6.000000	9.300000	21.000000	18.000000	14.400000	10.500000	8.400000	2.100000	12.600000
47.000000	52.000000	58.000000	86.000000	42.000000	11.000000	78.000000	86.000000	12.000000	70.000000	14.100000	15.600000	17.400000	25.800000	12.600000	3.300000	23.400000	25.800000	3.600000	21.000000
78.000000	42.000000	31.000000	8.000000	24.000000	45.000000	77.000000	17.000000	60.000000	59.000000	23.400000	12.600000	9.300000	2.400000	7.200000	13.500000	23.100000	5.100000	18.000000	17.700000
60.000000	51.000000	98.000000	63.000000	51.000000	25.000000	72.000000	66.000000	85.000000	8.000000	18.000000	15.300000	29.400000	18.900000	15.300000	7.500000	21.600000	19.800000	25.500000	2.400000
11.000000	66.000000	26.000000	77.000000	98.000000	62.000000	10.000000	33.000000	73.000000	29.000000	3.300000	19.800000	7.800000	23.100000	29.400000	18.600000	3.000000	9.900000	21.900000	8.700000
60.000000	95.000000	92.000000	91.000000	64.000000	12.000000	87.000000	20.000000	18.000000	6.000000	18.000000	28.500000	27.600000	27.300000	19.200000	3.600000	26.100000	6.000000	5.400000	1.800000
5.000000	18.000000	11.000000	24.000000	85.000000	67.000000	24.000000	84.000000	75.000000	42.000000	1.500000	5.400000	3.300000	7.200000	25.500000	20.100000	7.200000	25.200000	22.500000	12.600000
24.000000	37.000000	72.000000	19.000000	31.000000	17.000000	26.000000	23.000000	77.000000	33.000000	7.200000	11.100000	21.600000	5.700000	9.300000	5.100000	7.800000	6.900000	23.100000	9.900000
52.000000	70.000000	46.000000	63.000000	11.000000	59.000000	46.000000	73.000000	71.000000	67.000000	15.600000	21.000000	13.800000	18.900000	3.300000	17.700000	13.800000	21.900000	21.300000	20.100000
39.000000	22.000000	20.000000	72.000000	95.000000	30.000000	40.000000	25.000000	83.000000	7.000000	11.700000	6.600000	6.000000	21.600000	28.500000	9.000000	12.000000	7.500000	24.900000	2.100000
14.000000	87.000000	38.000000	17.000000	58.000000	73.000000	86.000000	87.000000	63.000000	64.000000	4.200000	26.100000	11.400000	5.100000	17.400000	21.900000	25.800000	26.100000	18.900000	19.200000
65.000000	67.000000	57.000000	46.000000	57.000000	34.000000	40.000000	2.000000	52.000000	7.000000	19.500000	20.100000	17.100000	13.800000	17.100000	10.200000	12.000000	0.600000	15.600000	2.100000
99.000000	15.000000	5.000000	66.000000	28.000000	27.000000	8.000000	15.000000	66.000000	60.000000	29.700000	4.500000	1.500000	19.800000	8.400000	8.100000	2.400000	4.500000	19.800000	18.000000
